;Row	Column	Xpos	Ypos	State
;=======================================
;Alatau
;=======================================
1	1	126	0	1
1	2	120	0	1
1	3	114	0	1
1	4	108	0	1
1	5	102	0	1
1	6	96	0	1
1	7	90	0	1
1	8	84	0	1
1	9	78	0	1
1	10	72	0	1
1	11	66	0	1
1	12	60	0	1
1	13	54	0	1
1	14	48	0	1
1	15	42	0	1
1	16	36	0	1
2	1	144	6	1
2	2	138	6	1
2	3	132	6	1
2	4	126	6	1
2	5	120	6	1
2	6	114	6	1
2	7	108	6	1
2	8	102	6	1
2	9	96	6	1
2	10	90	6	1
2	11	84	6	1
2	12	78	6	1
2	13	72	6	1
2	14	66	6	1
2	15	60	6	1
2	16	54	6	1
2	17	48	6	1
2	18	42	6	1
2	19	36	6	1
2	20	30	6	1
2	21	24	6	1
2	22	18	6	1
3	1	162	12	1
3	2	156	12	1
3	3	150	12	1
3	4	144	12	1
3	5	138	12	1
3	6	132	12	1
3	7	126	12	1
3	8	120	12	1
3	9	114	12	1
3	10	108	12	1
3	11	102	12	1
3	12	96	12	1
3	13	90	12	1
3	14	84	12	1
3	15	78	12	1
3	16	72	12	1
3	17	66	12	1
3	18	60	12	1
3	19	54	12	1
3	20	48	12	1
3	21	42	12	1
3	22	36	12	1
3	23	30	12	1
3	24	24	12	1
3	25	18	12	1
3	26	12	12	1
3	27	6	12	1
3	28	0	12	1
4	1	162	18	1
4	2	156	18	1
4	3	150	18	1
4	4	144	18	1
4	5	138	18	1
4	6	132	18	1
4	7	126	18	1
4	8	120	18	1
4	9	114	18	1
4	10	108	18	1
4	11	102	18	1
4	12	96	18	1
4	13	90	18	1
4	14	84	18	1
4	15	78	18	1
4	16	72	18	1
4	17	66	18	1
4	18	60	18	1
4	19	54	18	1
4	20	48	18	1
4	21	42	18	1
4	22	36	18	1
4	23	30	18	1
4	24	24	18	1
4	25	18	18	1
4	26	12	18	1
4	27	6	18	1
4	28	0	18	1
5	1	162	24	1
5	2	156	24	1
5	3	150	24	1
5	4	144	24	1
5	5	138	24	1
5	6	132	24	1
5	7	126	24	1
5	8	120	24	1
5	9	114	24	1
5	10	108	24	1
5	11	102	24	1
5	12	96	24	1
5	13	90	24	1
5	14	84	24	1
5	15	78	24	1
5	16	72	24	1
5	17	66	24	1
5	18	60	24	1
5	19	54	24	1
5	20	48	24	1
5	21	42	24	1
5	22	36	24	1
5	23	30	24	1
5	24	24	24	1
5	25	18	24	1
5	26	12	24	1
5	27	6	24	1
5	28	0	24	1
6	1	162	30	1
6	2	156	30	1
6	3	150	30	1
6	4	144	30	1
6	5	138	30	1
6	6	132	30	1
6	7	126	30	1
6	8	120	30	1
6	9	114	30	1
6	10	108	30	1
6	11	102	30	1
6	12	96	30	1
6	13	90	30	1
6	14	84	30	1
6	15	78	30	1
6	16	72	30	1
6	17	66	30	1
6	18	60	30	1
6	19	54	30	1
6	20	48	30	1
6	21	42	30	1
6	22	36	30	1
6	23	30	30	1
6	24	24	30	1
6	25	18	30	1
6	26	12	30	1
6	27	6	30	1
6	28	0	30	1
7	1	162	36	1
7	2	156	36	1
7	3	150	36	1
7	4	144	36	1
7	5	138	36	1
7	6	132	36	1
7	7	126	36	1
7	8	120	36	1
7	9	114	36	1
7	10	108	36	1
7	11	102	36	1
7	12	96	36	1
7	13	90	36	1
7	14	84	36	1
7	15	78	36	1
7	16	72	36	1
7	17	66	36	1
7	18	60	36	1
7	19	54	36	1
7	20	48	36	1
7	21	42	36	1
7	22	36	36	1
7	23	30	36	1
7	24	24	36	1
7	25	18	36	1
7	26	12	36	1
7	27	6	36	1
7	28	0	36	1
8	1	162	42	1
8	2	156	42	1
8	3	150	42	1
8	4	144	42	1
8	5	138	42	1
8	6	132	42	1
8	7	126	42	1
8	8	120	42	1
8	9	114	42	1
8	10	108	42	1
8	11	102	42	1
8	12	96	42	1
8	13	90	42	1
8	14	84	42	1
8	15	78	42	1
8	16	72	42	1
8	17	66	42	1
8	18	60	42	1
8	19	54	42	1
8	20	48	42	1
8	21	42	42	1
8	22	36	42	1
8	23	30	42	1
8	24	24	42	1
8	25	18	42	1
8	26	12	42	1
8	27	6	42	1
8	28	0	42	1
9	1	162	48	1
9	2	156	48	1
9	3	150	48	1
9	4	144	48	1
9	5	138	48	1
9	6	132	48	1
9	7	126	48	1
9	8	120	48	1
9	9	114	48	1
9	10	108	48	1
9	11	102	48	1
9	12	96	48	1
9	13	90	48	1
9	14	84	48	1
9	15	78	48	1
9	16	72	48	1
9	17	66	48	1
9	18	60	48	1
9	19	54	48	1
9	20	48	48	1
9	21	42	48	1
9	22	36	48	1
9	23	30	48	1
9	24	24	48	1
9	25	18	48	1
9	26	12	48	1
9	27	6	48	1
9	28	0	48	1
10	1	162	54	1
10	2	156	54	1
10	3	150	54	1
10	4	144	54	1
10	5	138	54	1
10	6	132	54	1
10	7	126	54	1
10	8	120	54	1
10	9	114	54	1
10	10	108	54	1
10	11	102	54	1
10	12	96	54	1
10	13	90	54	1
10	14	84	54	1
10	15	78	54	1
10	16	72	54	1
10	17	66	54	1
10	18	60	54	1
10	19	54	54	1
10	20	48	54	1
10	21	42	54	1
10	22	36	54	1
10	23	30	54	1
10	24	24	54	1
10	25	18	54	1
10	26	12	54	1
10	27	6	54	1
10	28	0	54	1
11	1	162	60	1
11	2	156	60	1
11	3	150	60	1
11	4	144	60	1
11	5	138	60	1
11	6	132	60	1
11	7	126	60	1
11	8	120	60	1
11	9	114	60	1
11	10	108	60	1
11	11	102	60	1
11	12	96	60	1
11	13	90	60	1
11	14	84	60	1
11	15	78	60	1
11	16	72	60	1
11	17	66	60	1
11	18	60	60	1
11	19	54	60	1
11	20	48	60	1
11	21	42	60	1
11	22	36	60	1
11	23	30	60	1
11	24	24	60	1
11	25	18	60	1
11	26	12	60	1
11	27	6	60	1
11	28	0	60	1
12	1	162	71	1
12	2	156	71	1
12	3	150	71	1
12	4	144	71	1
12	5	138	71	1
12	6	132	71	1
12	7	126	71	1
12	8	120	71	1
12	9	114	71	1
12	10	108	71	1
12	11	102	71	1
12	12	96	71	1
12	13	90	71	1
12	14	84	71	1
12	15	78	71	1
12	16	72	71	1
12	17	66	71	1
12	18	60	71	1
12	19	54	71	1
12	20	48	71	1
12	21	42	71	1
12	22	36	71	1
12	23	30	71	1
12	24	24	71	1
12	25	18	71	1
12	26	12	71	1
12	27	6	71	1
12	28	0	71	1
13	1	162	77	1
13	2	156	77	1
13	3	150	77	1
13	4	144	77	1
13	5	138	77	1
13	6	132	77	1
13	7	126	77	1
13	8	120	77	1
13	9	114	77	1
13	10	108	77	1
13	11	102	77	1
13	12	96	77	1
13	13	90	77	1
13	14	84	77	1
13	15	78	77	1
13	16	72	77	1
13	17	66	77	1
13	18	60	77	1
13	19	54	77	1
13	20	48	77	1
13	21	42	77	1
13	22	36	77	1
13	23	30	77	1
13	24	24	77	1
13	25	18	77	1
13	26	12	77	1
13	27	6	77	1
13	28	0	77	1
14	1	162	83	1
14	2	156	83	1
14	3	150	83	1
14	4	144	83	1
14	5	138	83	1
14	6	132	83	1
14	7	126	83	1
14	8	120	83	1
14	9	114	83	1
14	10	108	83	1
14	11	102	83	1
14	12	96	83	1
14	13	90	83	1
14	14	84	83	1
14	15	78	83	1
14	16	72	83	1
14	17	66	83	1
14	18	60	83	1
14	19	54	83	1
14	20	48	83	1
14	21	42	83	1
14	22	36	83	1
14	23	30	83	1
14	24	24	83	1
14	25	18	83	1
14	26	12	83	1
14	27	6	83	1
14	28	0	83	1
15	1	162	89	1
15	2	156	89	1
15	3	150	89	1
15	4	144	89	1
15	5	138	89	1
15	6	132	89	1
15	7	126	89	1
15	8	120	89	1
15	9	114	89	1
15	10	108	89	1
15	11	102	89	1
15	12	96	89	1
15	13	90	89	1
15	14	84	89	1
15	15	78	89	1
15	16	72	89	1
15	17	66	89	1
15	18	60	89	1
15	19	54	89	1
15	20	48	89	1
15	21	42	89	1
15	22	36	89	1
15	23	30	89	1
15	24	24	89	1
15	25	18	89	1
15	26	12	89	1
15	27	6	89	1
15	28	0	89	1
16	1	162	95	1
16	2	156	95	1
16	3	150	95	1
16	4	144	95	1
16	5	138	95	1
16	6	132	95	1
16	7	126	95	1
16	8	120	95	1
16	9	114	95	1
16	10	108	95	1
16	11	102	95	1
16	12	96	95	1
16	13	90	95	1
16	14	84	95	1
16	15	78	95	1
16	16	72	95	1
16	17	66	95	1
16	18	60	95	1
16	19	54	95	1
16	20	48	95	1
16	21	42	95	1
16	22	36	95	1
16	23	30	95	1
16	24	24	95	1
16	25	18	95	1
16	26	12	95	1
16	27	6	95	1
16	28	0	95	1
17	1	162	101	1
17	2	156	101	1
17	3	150	101	1
17	4	144	101	1
17	5	138	101	1
17	6	132	101	1
17	7	126	101	1
17	8	120	101	1
17	9	114	101	1
17	10	108	101	1
17	11	102	101	1
17	12	96	101	1
17	13	90	101	1
17	14	84	101	1
17	15	78	101	1
17	16	72	101	1
17	17	66	101	1
17	18	60	101	1
17	19	54	101	1
17	20	48	101	1
17	21	42	101	1
17	22	36	101	1
17	23	30	101	1
17	24	24	101	1
17	25	18	101	1
17	26	12	101	1
17	27	6	101	1
17	28	0	101	1
18	1	162	107	1
18	2	156	107	1
18	3	150	107	1
18	4	144	107	1
18	5	138	107	1
18	6	132	107	1
18	7	126	107	1
18	8	120	107	1
18	9	114	107	1
18	10	108	107	1
18	11	102	107	1
18	12	96	107	1
18	13	90	107	1
18	14	84	107	1
18	15	78	107	1
18	16	72	107	1
18	17	66	107	1
18	18	60	107	1
18	19	54	107	1
18	20	48	107	1
18	21	42	107	1
18	22	36	107	1
18	23	30	107	1
18	24	24	107	1
18	25	18	107	1
18	26	12	107	1
18	27	6	107	1
18	28	0	107	1
19	1	162	113	1
19	2	156	113	1
19	3	150	113	1
19	4	144	113	1
19	5	138	113	1
19	6	132	113	1
19	7	126	113	1
19	8	120	113	1
19	9	114	113	1
19	10	108	113	1
19	11	102	113	1
19	12	96	113	1
19	13	90	113	1
19	14	84	113	1
19	15	78	113	1
19	16	72	113	1
19	17	66	113	1
19	18	60	113	1
19	19	54	113	1
19	20	48	113	1
19	21	42	113	1
19	22	36	113	1
19	23	30	113	1
19	24	24	113	1
19	25	18	113	1
19	26	12	113	1
19	27	6	113	1
19	28	0	113	1
20	1	162	119	1
20	2	156	119	1
20	3	150	119	1
20	4	144	119	1
20	5	138	119	1
20	6	132	119	1
20	7	126	119	1
20	8	120	119	1
20	9	114	119	1
20	10	108	119	1
20	11	102	119	1
20	12	96	119	1
20	13	90	119	1
20	14	84	119	1
20	15	78	119	1
20	16	72	119	1
20	17	66	119	1
20	18	60	119	1
20	19	54	119	1
20	20	48	119	1
20	21	42	119	1
20	22	36	119	1
20	23	30	119	1
20	24	24	119	1
20	25	18	119	1
20	26	12	119	1
20	27	6	119	1
20	28	0	119	1
21	1	156	125	1
21	2	150	125	1
21	3	144	125	1
21	4	138	125	1
21	5	132	125	1
21	6	126	125	1
21	7	120	125	1
21	8	114	125	1
21	9	108	125	1
21	10	102	125	1
21	11	96	125	1
21	12	90	125	1
21	13	84	125	1
21	14	78	125	1
21	15	72	125	1
21	16	66	125	1
21	17	60	125	1
21	18	54	125	1
21	19	48	125	1
21	20	42	125	1
21	21	36	125	1
21	22	30	125	1
21	23	24	125	1
21	24	18	125	1
21	25	12	125	1
21	26	6	125	1
22	1	150	131	1
22	2	144	131	1
22	3	138	131	1
22	4	132	131	1
22	5	126	131	1
22	6	120	131	1
22	7	114	131	1
22	8	108	131	1
22	9	102	131	1
22	10	96	131	1
22	11	90	131	1
22	12	84	131	1
22	13	78	131	1
22	14	72	131	1
22	15	66	131	1
22	16	60	131	1
22	17	54	131	1
22	18	48	131	1
22	19	42	131	1
22	20	36	131	1
22	21	30	131	1
22	22	24	131	1
22	23	18	131	1
22	24	12	131	1
;=======================================
