;Row	Column	Xpos	Ypos	State
;=======================================
;Sary-Arka
;=======================================
1	1	156	0	1
1	2	150	0	1
1	3	144	0	1
1	4	138	0	1
1	5	132	0	1
1	6	126	0	1
1	7	120	0	1
1	8	114	0	1
1	9	108	0	1
1	10	102	0	1
1	11	96	0	1
1	12	90	0	1
1	13	84	0	1
1	14	78	0	1
1	15	72	0	1
1	16	66	0	1
1	17	60	0	1
1	18	54	0	1
1	19	48	0	1
1	20	42	0	1
1	21	36	0	1
1	22	30	0	1
2	1	174	6	1
2	2	168	6	1
2	3	162	6	1
2	4	156	6	1
2	5	150	6	1
2	6	144	6	1
2	7	138	6	1
2	8	132	6	1
2	9	126	6	1
2	10	120	6	1
2	11	114	6	1
2	12	108	6	1
2	13	102	6	1
2	14	96	6	1
2	15	90	6	1
2	16	84	6	1
2	17	78	6	1
2	18	72	6	1
2	19	66	6	1
2	20	60	6	1
2	21	54	6	1
2	22	48	6	1
2	23	42	6	1
2	24	36	6	1
2	25	30	6	1
2	26	24	6	1
2	27	18	6	1
2	28	12	6	1
3	1	174	12	1
3	2	168	12	1
3	3	162	12	1
3	4	156	12	1
3	5	150	12	1
3	6	144	12	1
3	7	138	12	1
3	8	132	12	1
3	9	126	12	1
3	10	120	12	1
3	11	114	12	1
3	12	108	12	1
3	13	102	12	1
3	14	96	12	1
3	15	90	12	1
3	16	84	12	1
3	17	78	12	1
3	18	72	12	1
3	19	66	12	1
3	20	60	12	1
3	21	54	12	1
3	22	48	12	1
3	23	42	12	1
3	24	36	12	1
3	25	30	12	1
3	26	24	12	1
3	27	18	12	1
3	28	12	12	1
4	1	174	18	1
4	2	168	18	1
4	3	162	18	1
4	4	156	18	1
4	5	150	18	1
4	6	144	18	1
4	7	138	18	1
4	8	132	18	1
4	9	126	18	1
4	10	120	18	1
4	11	114	18	1
4	12	108	18	1
4	13	102	18	1
4	14	96	18	1
4	15	90	18	1
4	16	84	18	1
4	17	78	18	1
4	18	72	18	1
4	19	66	18	1
4	20	60	18	1
4	21	54	18	1
4	22	48	18	1
4	23	42	18	1
4	24	36	18	1
4	25	30	18	1
4	26	24	18	1
4	27	18	18	1
4	28	12	18	1
5	1	180	29	1
5	2	174	29	1
5	3	168	29	1
5	4	162	29	1
5	5	156	29	1
5	6	150	29	1
5	7	144	29	1
5	8	138	29	1
5	9	132	29	1
5	10	126	29	1
5	11	120	29	1
5	12	114	29	1
5	13	108	29	1
5	14	102	29	1
5	15	78	29	1
5	16	72	29	1
5	17	66	29	1
5	18	60	29	1
5	19	54	29	1
5	20	48	29	1
5	21	42	29	1
5	22	36	29	1
5	23	30	29	1
5	24	24	29	1
5	25	18	29	1
5	26	12	29	1
5	27	6	29	1
5	28	0	29	1
6	1	180	35	1
6	2	174	35	1
6	3	168	35	1
6	4	162	35	1
6	5	156	35	1
6	6	150	35	1
6	7	144	35	1
6	8	138	35	1
6	9	132	35	1
6	10	126	35	1
6	11	120	35	1
6	12	114	35	1
6	13	108	35	1
6	14	102	35	1
6	15	78	35	1
6	16	72	35	1
6	17	66	35	1
6	18	60	35	1
6	19	54	35	1
6	20	48	35	1
6	21	42	35	1
6	22	36	35	1
6	23	30	35	1
6	24	24	35	1
6	25	18	35	1
6	26	12	35	1
6	27	6	35	1
6	28	0	35	1
7	1	180	41	1
7	2	174	41	1
7	3	168	41	1
7	4	162	41	1
7	5	156	41	1
7	6	150	41	1
7	7	144	41	1
7	8	138	41	1
7	9	132	41	1
7	10	126	41	1
7	11	120	41	1
7	12	114	41	1
7	13	108	41	1
7	14	102	41	1
7	15	78	41	1
7	16	72	41	1
7	17	66	41	1
7	18	60	41	1
7	19	54	41	1
7	20	48	41	1
7	21	42	41	1
7	22	36	41	1
7	23	30	41	1
7	24	24	41	1
7	25	18	41	1
7	26	12	41	1
7	27	6	41	1
7	28	0	41	1
8	1	180	47	1
8	2	174	47	1
8	3	168	47	1
8	4	162	47	1
8	5	156	47	1
8	6	150	47	1
8	7	144	47	1
8	8	138	47	1
8	9	132	47	1
8	10	126	47	1
8	11	120	47	1
8	12	114	47	1
8	13	108	47	1
8	14	102	47	1
8	15	78	47	1
8	16	72	47	1
8	17	66	47	1
8	18	60	47	1
8	19	54	47	1
8	20	48	47	1
8	21	42	47	1
8	22	36	47	1
8	23	30	47	1
8	24	24	47	1
8	25	18	47	1
8	26	12	47	1
8	27	6	47	1
8	28	0	47	1
9	1	180	53	1
9	2	174	53	1
9	3	168	53	1
9	4	162	53	1
9	5	156	53	1
9	6	150	53	1
9	7	144	53	1
9	8	138	53	1
9	9	132	53	1
9	10	126	53	1
9	11	120	53	1
9	12	114	53	1
9	13	108	53	1
9	14	102	53	1
9	15	78	53	1
9	16	72	53	1
9	17	66	53	1
9	18	60	53	1
9	19	54	53	1
9	20	48	53	1
9	21	42	53	1
9	22	36	53	1
9	23	30	53	1
9	24	24	53	1
9	25	18	53	1
9	26	12	53	1
9	27	6	53	1
9	28	0	53	1
10	1	180	59	1
10	2	174	59	1
10	3	168	59	1
10	4	162	59	1
10	5	156	59	1
10	6	150	59	1
10	7	144	59	1
10	8	138	59	1
10	9	132	59	1
10	10	126	59	1
10	11	120	59	1
10	12	114	59	1
10	13	108	59	1
10	14	102	59	1
10	15	78	59	1
10	16	72	59	1
10	17	66	59	1
10	18	60	59	1
10	19	54	59	1
10	20	48	59	1
10	21	42	59	1
10	22	36	59	1
10	23	30	59	1
10	24	24	59	1
10	25	18	59	1
10	26	12	59	1
10	27	6	59	1
10	28	0	59	1
11	1	180	65	1
11	2	174	65	1
11	3	168	65	1
11	4	162	65	1
11	5	156	65	1
11	6	150	65	1
11	7	144	65	1
11	8	138	65	1
11	9	132	65	1
11	10	126	65	1
11	11	120	65	1
11	12	114	65	1
11	13	108	65	1
11	14	102	65	1
11	15	78	65	1
11	16	72	65	1
11	17	66	65	1
11	18	60	65	1
11	19	54	65	1
11	20	48	65	1
11	21	42	65	1
11	22	36	65	1
11	23	30	65	1
11	24	24	65	1
11	25	18	65	1
11	26	12	65	1
11	27	6	65	1
11	28	0	65	1
12	1	180	71	1
12	2	174	71	1
12	3	168	71	1
12	4	162	71	1
12	5	156	71	1
12	6	150	71	1
12	7	144	71	1
12	8	138	71	1
12	9	132	71	1
12	10	126	71	1
12	11	120	71	1
12	12	114	71	1
12	13	108	71	1
12	14	102	71	1
12	15	78	71	1
12	16	72	71	1
12	17	66	71	1
12	18	60	71	1
12	19	54	71	1
12	20	48	71	1
12	21	42	71	1
12	22	36	71	1
12	23	30	71	1
12	24	24	71	1
12	25	18	71	1
12	26	12	71	1
12	27	6	71	1
12	28	0	71	1
13	1	180	77	1
13	2	174	77	1
13	3	168	77	1
13	4	162	77	1
13	5	156	77	1
13	6	150	77	1
13	7	144	77	1
13	8	138	77	1
13	9	132	77	1
13	10	126	77	1
13	11	120	77	1
13	12	114	77	1
13	13	108	77	1
13	14	102	77	1
13	15	78	77	1
13	16	72	77	1
13	17	66	77	1
13	18	60	77	1
13	19	54	77	1
13	20	48	77	1
13	21	42	77	1
13	22	36	77	1
13	23	30	77	1
13	24	24	77	1
13	25	18	77	1
13	26	12	77	1
13	27	6	77	1
13	28	0	77	1
14	1	180	83	1
14	2	174	83	1
14	3	168	83	1
14	4	162	83	1
14	5	156	83	1
14	6	150	83	1
14	7	144	83	1
14	8	138	83	1
14	9	132	83	1
14	10	126	83	1
14	11	120	83	1
14	12	114	83	1
14	13	108	83	1
14	14	102	83	1
14	15	78	83	1
14	16	72	83	1
14	17	66	83	1
14	18	60	83	1
14	19	54	83	1
14	20	48	83	1
14	21	42	83	1
14	22	36	83	1
14	23	30	83	1
14	24	24	83	1
14	25	18	83	1
14	26	12	83	1
14	27	6	83	1
14	28	0	83	1
15	1	180	89	1
15	2	174	89	1
15	3	168	89	1
15	4	162	89	1
15	5	156	89	1
15	6	150	89	1
15	7	144	89	1
15	8	138	89	1
15	9	132	89	1
15	10	126	89	1
15	11	120	89	1
15	12	114	89	1
15	13	108	89	1
15	14	102	89	1
15	15	78	89	1
15	16	72	89	1
15	17	66	89	1
15	18	60	89	1
15	19	54	89	1
15	20	48	89	1
15	21	42	89	1
15	22	36	89	1
15	23	30	89	1
15	24	24	89	1
15	25	18	89	1
15	26	12	89	1
15	27	6	89	1
15	28	0	89	1
16	1	180	95	1
16	2	174	95	1
16	3	168	95	1
16	4	162	95	1
16	5	156	95	1
16	6	150	95	1
16	7	144	95	1
16	8	138	95	1
16	9	132	95	1
16	10	126	95	1
16	11	120	95	1
16	12	114	95	1
16	13	108	95	1
16	14	102	95	1
16	15	78	95	1
16	16	72	95	1
16	17	66	95	1
16	18	60	95	1
16	19	54	95	1
16	20	48	95	1
16	21	42	95	1
16	22	36	95	1
16	23	30	95	1
16	24	24	95	1
16	25	18	95	1
16	26	12	95	1
16	27	6	95	1
16	28	0	95	1
17	1	180	101	1
17	2	174	101	1
17	3	168	101	1
17	4	162	101	1
17	5	156	101	1
17	6	150	101	1
17	7	144	101	1
17	8	138	101	1
17	9	132	101	1
17	10	126	101	1
17	11	120	101	1
17	12	114	101	1
17	13	108	101	1
17	14	102	101	1
17	15	78	101	1
17	16	72	101	1
17	17	66	101	1
17	18	60	101	1
17	19	54	101	1
17	20	48	101	1
17	21	42	101	1
17	22	36	101	1
17	23	30	101	1
17	24	24	101	1
17	25	18	101	1
17	26	12	101	1
17	27	6	101	1
17	28	0	101	1
18	1	180	107	1
18	2	174	107	1
18	3	168	107	1
18	4	162	107	1
18	5	156	107	1
18	6	150	107	1
18	7	144	107	1
18	8	138	107	1
18	9	132	107	1
18	10	126	107	1
18	11	120	107	1
18	12	114	107	1
18	13	108	107	1
18	14	102	107	1
18	15	78	107	1
18	16	72	107	1
18	17	66	107	1
18	18	60	107	1
18	19	54	107	1
18	20	48	107	1
18	21	42	107	1
18	22	36	107	1
18	23	30	107	1
18	24	24	107	1
18	25	18	107	1
18	26	12	107	1
18	27	6	107	1
18	28	0	107	1
19	1	174	113	1
19	2	168	113	1
19	3	162	113	1
19	4	156	113	1
19	5	150	113	1
19	6	144	113	1
19	7	138	113	1
19	8	132	113	1
19	9	126	113	1
19	10	120	113	1
19	11	114	113	1
19	12	108	113	1
19	13	102	113	1
19	14	78	113	1
19	15	72	113	1
19	16	66	113	1
19	17	60	113	1
19	18	54	113	1
19	19	48	113	1
19	20	42	113	1
19	21	36	113	1
19	22	30	113	1
19	23	24	113	1
19	24	18	113	1
19	25	12	113	1
19	26	6	113	1
20	1	174	119	1
20	2	168	119	1
20	3	162	119	1
20	4	156	119	1
20	5	150	119	1
20	6	144	119	1
20	7	138	119	1
20	8	132	119	1
20	9	126	119	1
20	10	120	119	1
20	11	114	119	1
20	12	108	119	1
20	13	102	119	1
20	14	96	119	1
20	15	90	119	1
20	16	84	119	1
20	17	78	119	1
20	18	72	119	1
20	19	66	119	1
20	20	60	119	1
20	21	54	119	1
20	22	48	119	1
20	23	42	119	1
20	24	36	119	1
20	25	30	119	1
20	26	24	119	1
20	27	18	119	1
20	28	12	119	1
20	29	6	119	1
;=======================================
